 čest. 1/2, dio kat. čest. 9, dio kat. čest. 2/1 i dio kat. čest. 2/2, sve k.o. Sustjepan.
Kopneni dio lučkog područja obilježen je poligonom točaka izraženih u HTRS, kako slijedi:
HTRS96/TM
Broj Y X Broj Y X 1 629 535,9 4 726 482,4 23 630 063,1 4 726 709,0 2 629 543,1 4 726 467,9 24 630 089,2 4 726 714,3 3 629 544,8 4 726 464,9 25 630 308,5 4 726 757,4 4 629 546,6 4 726 461,5 26 630 346,1 4 726 764,7 5 629 553,4 4 726 466,2 27 630 357,9 4 726 767,8 6 629 561,2 4 726 454,5 28 630 371,0 4 726 772,1 7 629 571,5 4 726 461,8 29 630 387,7 4 726 776,6 8 629 563,7 4 726 473,4 30 630 400,5 4 726 780,7 9 629 577,3 4 726 482,9 31 630 409,8 4 726 784,5 10 629 587,1 4 726 468,8 32 630 414,9 4 726 787,0 11 629 596,0 4 726 471,7 33 630 421,2 4 726 790,8 12 629 647,6 4 726 488,5 34 630 426,1 4 726 793,3 13 629 705,2 4 726 509,7 35 630 429,6 4 726 795,3 14 629 863,6 4 726 570,2 36 630 433,2 4 726 797,8 15 629 891,1 4 726 581,3 37 630 439,3 4 726 802,0 16 629 917,7 4 726 596,6 38 630 452,3 4 726 812,5 17 629 941,6 4 726 615,9 39 630 460,3 4 726 817,3 18 629 962,0 4 726 637,4 40 630 464,7 4 726 819,2 19 629 995,3 4 726 674,0 41 630 476,2 4 726 822,9 20 630 008,2 4 726 687,3 42 630 488,3 4 726 822,0 21 630 018,1 4 726 694,9 43 630 515,7 4 726 828,3 22 630 042,4 4 726 705,0 44 630 514,7 4 726 831,8
2.2. morski dio
AKVATORIJ – BATAHOVINA
HTRS96/TM HDKS/Bessel 1841
Broj Y X Broj ф λ M 629 536,0 4 726 482,4 M 42°40’01’’,0 18°05’06’’,8 J 629 277,2 4 726 643,4 J 42°40’06’’,4 18°04’55’’,6 K 629 488,1 4 725 975,4 K 42°40’17’’,0 18°05’48’’,2 L 629 532,4 4 725 814,0 L 42°40’11’’,8 18°05’50’’,0
sve kako je prikazano na grafičkoj podlozi koja čini Prilog II. ove Odluke i ne objavljuje se u »Narodnim novinama«.
II.
Ova Odluka stupa na snagu danom donošenja, a objavit će se u »Narodnim novinama«.
Klasa: 022-03/15-04/394
Urbroj: 50301-05/18-15-4
Zagreb, 7. listopada 2015.
Predsjednik Zoran Milanović, v. r.
