142.93 4719619.32 62 6 516 148.31 4719613.43 63 6 516 154.89 4719615.11 64 6 516 175.72 4719600.32 65 6 516 178.80 4719601.85 66 6 516 180.05 4719603.57 67 6 516 191.57 4719594.71 68 6 516 201.23 4719593.87 69 6 516 208.68 4719596.32 70 6 516 215.47 4719598.37 71 6 516 231.13 4719605.60 72 6 516 237.99 4719604.90 73 6 516 253.07 4719600.99 74 6 516 271.48 4719595.62 75 6 516 280.77 4719594.32 76 6 516 291.29 4719592.24 77 6 516 303.60 4719592.17 78 6 516 307.09 4719591.63 79 6 516 319.25 4719587.74 80 6 516 322.60 4719584.73 81 6 516 324.03 4719584.35 82 6 516 370.07 4719576.58 83 6 516 376.11 4719574.38 84 6 516 385.53 4719557.18 85 6 516 385.96 4719557.34 86 6 516 387.70 4719552.31 87 6 516 389.83 4719553.31 88 6 516 396.59 4719539.20 89 6 516 416.64 4719526.56 90 6 516 423.83 4719528.42 91 6 516 424.21 4719526.95 92 6 516 431.78 4719528.00 93 6 516 437.00 4719529.42 94 6 516 441.16 4719531.30 95 6 516 447.94 4719536.77 96 6 516 453.63 4719542.54 97 6 516 460.53 4719546.99 98 6 516 465.68 4719540.79 99 6 516 476.72 4719529.70 100 6 516 498.15 4719507.81 101 6 516 478.66 4719488.94 102 6 516 471.56 4719483.89 103 6 516 464.28 4719480.99 104 6 516 442.84 4719463.64 105 6 516 427.16 4719455.51 106 6 516 414.24 4719452.84 107 6 516 396.65 4719451.17 108 6 516 392.30 4719451.62 109 6 516 380.80 4719455.16 110 6 516 370.80 4719454.75 111 6 516 335.99 4719460.99 112 6 516 310.64 4719468.60 113 6 516 301.69 4719473.14 114 6 516 274.75 4719477.02 115 6 516 218.89 4719477.76 116 6 516 155.53 4719468.01 117 6 516 118.72 4719454.04 118 6 516 113.43 4719425.39 119 6 516 036.47 4719425.30 120 6 516 014.03 4719425.28 121 6 516 014.06 4719423.50 122 6 516 012.48 4719416.92 123 6 516 010.20 4719412.06 124 6 516 004.91 4719404.27 125 6 515 997.14 4719396.21 126 6 515 993.51 4719393.35 127 6 516 011.98 4719361.39 128 6 516 027.08 4719335.24 129 6 516 018.09 4719331.65 130 6 516 015.91 4719326.83 131 6 516 011.18 4719319.50 132 6 516 000.92 4719306.40 133 6 515 993.71 4719300.05 134 6 515 983.61 4719293.39 135 6 515 973.69 4719287.87 136 6 515 961.58 4719283.80 137 6 515 949.55 4719280.90 138 6 515 925.75 4719279.60 139 6 515 916.65 4719273.33 140 6 515 904.32 4719268.53 141 6 515 898.09 4719267.56 142 6 515 883.96 4719267.52 143 6 515 873.19 4719264.74 144 6 515 866.87 4719264.09 145 6 515 856.57 4719263.93 146 6 515 851.01 4719261.92 147 6 515 847.32 4719261.21 148 6 515 841.10 4719261.08 149 6 515 834.69 4719258.68 150 6 515 828.60 4719257.36 151 6 515 821.79 4719256.60 152 6 515 816.06 4719256.28 153 6 515 796.12 4719287.49 154 6 515 789.73 4719297.46 155 6 515 785.30 4719307.41
Dva izdvojena sidrišta, sidrište 1 (zapadno) i sidrište 2 (istočno) kružnog su oblika, svaki površine od 1.521,00 m2, a definirani su koordinatama središta kružnica radijusa 22,00 m, a koje koordinate su izražene u Gauss-Krügerovoj projekciji:
koordinate središta sidrišta 1:
točka A      Y = 6 516 187.25 m      X = 4 719 440.78 m
koordinate središta sidrišta 2:
točka B      Y = 6 516 261.11 m      X = 4 719 440.96 m
Površina pomorskog dobra koje se daje u koncesiju ukupno iznosi 78.833 m2, od čega je 75.791 m2 kopnenog i morskog prostora plaže, a 3.042 m2 morskog akvatorija dvaju izdvojenih sidrišta, a sve kako je prikazano na grafičkoj podlozi, koja čini Prilog 1. ove Odluke i ne objavljuje se u »Narodnim novinama«.
V.
Ovlaštenik koncesije dužan je u koncesijsko pomorsko dobro uložiti sveukupno 55.041.230,00 kuna kao investicijsko ulaganje, a sve u opsegu i na način opisan u Studiji gospodarske opravdanosti davanja koncesije na pomorskom dobru u svrhu izgradnje i gospodarskog korištenja plaže na dijelu k.o. Brašina u zoni Kupari I., koja čini Prilog 2. ove Odluke i ne objavljuje se u »Narodnim novinama«.
Prema Studiji gospodarske opravdanosti iz stavka 1. ove točke, Ovlaštenik koncesije dužan je iznos od 300.000,00 kuna investirati u zaštitu okoliša koncesijskog područja.
Ovlaštenik koncesije dužan je u roku od četiri godine od dana sklapanja ugovora o koncesiji iz